00000000
00420000
00000000
004d0000
00000000
00430000
00000000
00480000
00000000
004c0000
00000000
004b0000
00000000
00440000
00000000
003b0000
00000000
00240000
00000000
00280000
00000000
00000000
00000000
00480000
00000000
001a0000
00000001
00280000
00000011
00440000
00000021
004e0007
0000002c
005e0014
00000025
00610020
0000002b
005f0019
00000026
00670015
00000060
0044002c
0000007f
003f00bf
00000000
010400ae
030c0000
00000000
04200000
00000000
01490584
00000000
00000268
00000000
00180033
00b30000
00000006
00370000
0000002f
003a000e
00000045
00630038
0000004e
006d0055
00000054
0071005f
00000055
007a0060
00000053
00750063
0000004e
007e0059
00000047
0076004e
00000038
00720043
0000002e
00730026
00000017
00680012
00000000
00650000
00000000
005d0000
00000000
004b0000
00040000
002f0000
003f0000
00000000
008e0000
00000000
00b80000
00000000
00d20000
00000000
00da0000
00000000
00e30000
00000000
00c80000
00000000
00ab0000
00000000
00760000
00000000
00280000
00000000
00000000
00000000
00000000
00190000
00000000
002d0000
00000000
00330000
00000000
00380000
00000000
00370000
00000000
002e0000
00000000
00400000
00000000
00350000
00000000
005a0000
