0000
0000
0000
0000
0000
0000
0000
0000
0000
0000
0000
0000
0000
0000
0000
0000
0000
0000
0000
0000
0000
0000
01fb
039f
052f
0132
0000
0000
0000
0000
0000
0000
0000
0000
0000
0000
0000
0000
0000
0000
0000
0000
0000
0000
0000
0037
0092
00cf
00e2
00ba
005a
0000
0000
0000
0000
0000
0000
0000
0000
0000
0000
0000
0000
0000
0000
0039
003d
0039
003a
0047
0056
0080
0091
00b5
00a9
006c
008e
0078
0035
0005
0000
0000
0000
0000
0000
0000
0000
0000
0000
01cc
0000
0000
0000
0017
0000
0000
0000
0000
0000
0000
0000
0000
0000
0000
0000
0021
0056
00b4
00ed
00e8
00ac
005a
0016
0000
0000
001b
005d
00c3
00d3
0098
006c
0075
006b
0073
0074
006d
0074
000c
0000
0000
0000
0000
0000
0000
0000
0000
0000
0000
0000
0000
0000
0000
0000
0000
0000
0000
0000
0000
0000
0000
0297
07a5
0339
0000
0000
011b
0000
0000
0000
0000
0000
0000
0000
0000
0000
0000
0000
0000
0000
0000
0000
0023
0041
0042
003a
0027
0000
0000
0000
0000
0000
0000
0000
0000
0000
0000
0000
0000
0000
0000
0000
0000
007b
0069
005c
0064
0069
0072
0088
007c
0079
0077
0054
009e
0056
005d
004a
003c
0047
003c
0043
002f
0033
00bc
018a
0000
0000
0000
0017
0199
0017
002f
0045
003e
0043
004f
0043
004c
004d
0045
0056
004c
0061
0071
00a7
00bc
00ad
0072
0004
0000
0000
0000
0000
0000
004c
0040
0056
0077
0087
007b
0081
007e
0075
008a
005d
00bb
0000
000e
000c
0010
0012
0027
002b
0047
005c
003f
0048
0055
0019
0000
0000
0000
0000
0000
0000
0000
0000
0000
0000
0000
0000
0000
0000
0000
0000
0000
0000
0000
0000
0000
0000
0000
0000
0000
0000
0000
0000
0017
000a
0021
0000
0000
0000
0000
0000
0000
0000
0000
0028
0082
008c
0065
0046
003d
003a
0038
0039
003d
0077
0000
00db
002d
002c
002d
0023
001a
001a
0004
0000
0000
0000
000a
000c
003f
004b
0054
0056
0047
003f
0042
00b4
00ae
0093
0000
00bd
022b
027b
0000
002c
0085
008c
0073
0060
0061
0052
0046
0041
0030
0021
0015
0010
0005
001a
0000
0000
0000
0025
007f
00bd
00ca
00bf
0051
0000
0000
0000
0000
0005
0015
001c
001b
0015
0018
0000
0072
0093
0000
0000
0000
0000
0000
0000
0000
0000
0000
0019
0000
0000
0041
002f
0039
003a
0040
0044
0056
00d5
00e4
0129
0024
0000
0000
0000
0000
0000
0074
007d
0092
00a6
00a2
0099
0089
0071
005c
0033
0006
0000
0000
0000
0000
0000
0000
0017
0067
00ab
00bf
00a6
0069
001a
0000
0059
0047
0001
0000
0000
0000
0000
0000
0000
0000
0000
0000
0000
0000
0000
0000
0000
0000
0000
0000
0000
0000
0000
0000
0000
0000
0000
0000
0000
0000
0000
0000
026f
0278
0340
0000
0000
0000
0000
0000
0000
0000
0000
0000
0000
0000
0000
0000
0000
0000
0000
0000
0000
0000
0068
00c5
00f5
00f1
00dd
00b1
008e
0083
0097
008f
0058
0000
0000
0000
0000
0000
0000
0000
0000
0000