0000
0000
0000
0000
0000
0000
0000
0000
0000
0000
0000
0000
0000
0000
0000
0000
0000
0000
0000
0000
0000
0000
002c
031d
0429
01ca
0000
0000
0000
0000
0000
0000
0000
0000
0000
0000
0000
0000
0000
0000
0000
0000
0000
0000
0000
0000
0000
0000
0000
0000
0000
0000
0000
0000
0000
0000
0000
0000
0000
0000
0000
0000
0000
0000
00bc
00b8
00bd
00b8
00bb
00c2
00cc
00dc
00e1
00e4
00ea
00d3
00d8
00d1
00b8
00a6
009a
0099
0094
0097
0094
008a
0056
0000
0000
0000
0109
0046
00c7
00ac
0090
0082
007a
0076
0079
0076
007d
0084
0088
0099
00a1
00b6
00d2
00e4
00e9
00c2
0080
0056
002d
0029
0043
0092
00ed
0121
00fe
00e5
00d8
00d6
00d2
00d4
00d7
00d1
00d9
00ee
0000
0000
0000
0000
0000
0000
0000
0000
0000
0000
0000
0000
0000
0000
0000
0013
0025
0026
002b
0027
0051
0069
0025
0000
0000
0000
0000
0069
0000
0017
003e
0054
0060
0065
0061
005d
0056
0045
003a
001c
0005
0000
0000
0000
0000
0000
0000
0000
0000
0000
0000
0000
0000
0000
0000
0000
0000
0000
0000
0000
0000
0000
0000
0000
00ae
00af
00ad
00ac
00aa
00ac
00c4
00c6
00e4
00e6
00e0
00c2
00dd
00c7
00a8
009a
0093
0085
0090
008b
00b0
0053
0000
0000
0000
0000
0000
009b
00b1
00a5
0086
0074
0072
006e
006c
006c
0075
0072
0083
0085
0093
00a1
00ba
00de
00f1
00d9
00a7
0073
0047
0035
0049
008e
00f2
011a
00fa
00d7
00cf
00c3
00c5
00c7
00c4
00c3
00c9
00ec