0000
0000
0000
0000
0000
0000
0000
0000
0000
0000
0000
0000
0000
0000
0000
0000
0000
0000
0000
0000
0000
0000
01fb
039f
052f
0132
0000
0000
0000
0000
0000
0000
0000
0000
0000
0000
0000
0000
0000
0000
0000
0000
0000
0000
0000
0037
0092
00cf
00e2
00ba
005a
0000
0000
0000
0000
0000
0000
0000
0000
0000
0000
0000
0000
0000
0000
0039
003d
0039
003a
0047
0056
0080
0091
00b5
00a9
006c
008e
0078
0035
0005
0000
0000
0000
0000
0000
0000
0000
0000
0000
01cc
0000
0000
0000
0017
0000
0000
0000
0000
0000
0000
0000
0000
0000
0000
0000
0021
0056
00b4
00ed
00e8
00ac
005a
0016
0000
0000
001b
005d
00c3
00d3
0098
006c
0075
006b
0073
0074
006d
0074
000c
0000
0000
0000
0000
0000
0000
0000
0000
0000
0000
0000
0000
0000
0000
0000
0000
0000
0000
0000
0000
0000
0000
0297
07a5
0339
0000
0000
011b
0000
0000
0000
0000
0000
0000
0000
0000
0000
0000
0000
0000
0000
0000
0000
0023
0041
0042
003a
0027
0000
0000
0000
0000
0000
0000
0000
0000
0000
0000
0000
0000
0000
0000
0000
0000
007b
0069
005c
0064
0069
0072
0088
007c
0079
0077
0054
009e
0056
005d
004a
003c
0047
003c
0043
002f
0033
00bc
018a
0000
0000
0000
0017
0199
0017
002f
0045
003e
0043
004f
0043
004c
004d
0045
0056
004c
0061
0071
00a7
00bc
00ad
0072
0004
0000
0000
0000
0000
0000
004c
0040
0056
0077
0087
007b
0081
007e
0075
008a
005d
00bb