0000
0000
0000
0000
0000
0000
0000
0000
0000
0000
002f
0000
0006
0034
001c
000a
0000
0000
0000
0000
0023
0088
0000
0000
0000
009e
029f
0000
002a
002b
0012
0000
0000
0000
0000
0000
0000
0000
0000
0000
0000
0000
0000
0000
0000
0000
0000
0000
0000
0000
0000
0000
0000
0000
0019
0026
0005
0005
0000
0000
0001
0000
0000
0000
0000
0000
0000
0000
0000
0000
0000
0000
0000
0000
0000
0000
0000
0000
0000
0000
0000
0000
0000
0000
0000
0063
01de
0198
0000
0000
015d
0000
0000
0000
0008
000a
0000
0009
0007
0005
0000
0002
0000
0000
0000
0000
0000
0000
0000
0000
0000
0000
0000
0000
0000
0000
0000
0000
0000
0000
0000
0000
0000
0000
0000
0000
0000
0000
004d
004a
004e
004b
0049
003f
0031
002c
0022
0023
0032
0035
0038
004f
005e
0063
0066
0068
0062
0065
0071
00b1
0000
0000
0000
0000
0000
0026
005b
0069
0078
007c
007b
007b
007c
0078
0072
006f
0062
005e
004d
003d
0028
0002
0000
0000
0000
0000
0000
0000
0000
0000
0000
0000
001f
0032
0037
003c
0039
0038
003a
0035
0030
000c
0000
0000
0000
0000
0000
0000
0000
0000
000a
0000
000b
0000
0000
0000
0000
0000
0000
0000
0000
0000
0000
0000
0000
06fe
034d
0000
0000
0000
0000
0000
0000
0000
0000
0000
0000
0000
0000
0000
0000
0000
0000
0000
0000
0034
008a
00b0
00ba
00b3
0098
007c
003a
0005
0000
0000
0000
0000
0000
0000
0000
0000
0000
0000
0000
0000