0000
0000
0000
0000
0000
0000
0000
0000
0000
0000
0000
0000
0000
0001
0011
0021
002c
0025
002b
0026
0060
007f
0000
0000
0000
0584
0268
0033
0006
002f
0045
004e
0054
0055
0053
004e
0047
0038
002e
0017
0000
0000
0000
0000
0000
0000
0000
0000
0000
0000
0000
0000
0000
0000
0000
0000
0000
0000
0000
0000
0000
0000
0000
0000
0000
0000
0000
0000
0000
0000
0000
0000
0000
0000
0000
0000
0000
0000
0000
0000
0000
0000
0000
0000
0000
0000
0000
030c
0420
0149
0000
0018
0000
0000
0000
0000
0000
0000
0000
0000
0000
0000
0000
0000
0000
0000
0000
0004
003f
008e
00b8
00d2
00da
00e3
00c8
00ab
0076
0028
0000
0000
0000
0000
0000
0000
0000
0000
0000
0000
0000
0000
0000
0000
0000
0000
0000
0000
0000
0000
0000
0000
0000
0000
0000
0007
0014
0020
0019
0015
002c
00bf
00ae
0000
0000
0000
0000
0000
0000
000e
0038
0055
005f
0060
0063
0059
004e
0043
0026
0012
0000
0000
0000
0000
0000
0000
0000
0000
0000
0000
0000
0000
0000
0000
0000
0000
0000
0000
0000
0000
0000
0000
0000
0000
0042
004d
0043
0048
004c
004b
0044
003b
0024
0028
0000
0048
001a
0028
0044
004e
005e
0061
005f
0067
0044
003f
0104
0000
0000
0000
0000
00b3
0037
003a
0063
006d
0071
007a
0075
007e
0076
0072
0073
0068
0065
005d
004b
002f
0000
0000
0000
0000
0000
0000
0000
0000
0000
0000
0000
0019
002d
0033
0038
0037
002e
0040
0035
005a