00dd
00e3
00d9
00de
00db
00d8
00db
00c0
00c3
00b1
0098
00bf
00cc
00be
00d5
00e9
00f5
00f0
0100
00f8
0111
00c4
0000
0000
0000
0000
0000
0193
00d0
00e5
00f2
0101
010c
0112
010b
0110
0110
0104
010c
00f5
00f7
00e4
00d7
008c
005a
0020
0000
0000
0000
0000
0000
0000
003c
004f
0074
0097
00c0
00c2
00cf
00cc
00c5
00ce
00c7
012d
0000
0000
0000
0000
0000
0000
0007
002b
0054
0067
006e
0017
0033
000c
0000
0000
0000
0000
0000
0000
0000
0000
0000
0088
0118
0190
00c7
0000
0000
0000
0000
0000
0000
0000
0000
0000
0000
0000
0000
0000
0000
0000
000b
0059
00b5
00ec
010f
012e
0140
014c
0143
0144
0131
012e
00bd
005d
0027
0015
000d
0013
0016
000d
0024
001e
0087
008d
0088
0089
008e
009a
00b2
00c0
00cb
00d3
00b3
00bd
00ae
0093
0076
0063
005e
0055
0059
005d
004a
0000
0000
0000
0000
0000
0000
0080
007c
005a
0047
0034
002e
002f
002b
0034
003b
0040
0055
0060
0078
0099
00b9
00d8
00e1
00d2
00b0
0094
0079
0075
008d
00c8
0119
0113
00dd
00bc
00b3
00aa
00ac
00af
00a8
00b4
00b9
0109
0000
0000
0000
0000
0000
0000
0000
0000
0000
0000
0000
0000
0000
0000
0000
0000
0000
0000
0000
0000
0000
0000
0000
029b
0555
0000
0000
0000
0000
0000
0000
0000
0000
0000
0000
0000
0000
0000
0000
0000
0000
0000
0000
0000
0000
0014
0043
0062
0079
0072
005b
0023
0000
0000
0000
0000
0000
0000
0000
0000
0000
0000
0000
0000
0000
0000
0000
0000
0000
0000
0000
0000
0000
0000
0000
0000
0000
0001
0011
0021
002c
0025
002b
0026
0060
007f
0000
0000
0000
0584
0268
0033
0006
002f
0045
004e
0054
0055
0053
004e
0047
0038
002e
0017
0000
0000
0000
0000
0000
0000
0000
0000
0000
0000
0000
0000
0000
0000
0000
0000
0000
0000
0000
0000
0000
0000
0000
0000
0000
0000
0000
0000
0000
0000
0000
0000
0000
0000
0000
0000
0000
0000
0000
0000
0000
0000
0000
0000
0000
0000
0000
030c
0420
0149
0000
0018
0000
0000
0000
0000
0000
0000
0000
0000
0000
0000
0000
0000
0000
0000
0000
0004
003f
008e
00b8
00d2
00da
00e3
00c8
00ab
0076
0028
0000
0000
0000
0000
0000
0000
0000
0000
0000
0000
0000
0000
0000
0000
0000
0000
0000
0000
0000
0000
0000
0000
0000
0000
0000
0007
0014
0020
0019
0015
002c
00bf
00ae
0000
0000
0000
0000
0000
0000
000e
0038
0055
005f
0060
0063
0059
004e
0043
0026
0012
0000
0000
0000
0000
0000
0000
0000
0000
0000
0000
0000
0000
0000
0000
0000
0000
0000
0000
0000
0000
0000
0000
0000
0000
0042
004d
0043
0048
004c
004b
0044
003b
0024
0028
0000
0048
001a
0028
0044
004e
005e
0061
005f
0067
0044
003f
0104
0000
0000
0000
0000
00b3
0037
003a
0063
006d
0071
007a
0075
007e
0076
0072
0073
0068
0065
005d
004b
002f
0000
0000
0000
0000
0000
0000
0000
0000
0000
0000
0000
0019
002d
0033
0038
0037
002e
0040
0035
005a
0000
0000
0000
0000
0000
0000
0000
0000
0000
0000
002f
0000
0006
0034
001c
000a
0000
0000
0000
0000
0023
0088
0000
0000
0000
009e
029f
0000
002a
002b
0012
0000
0000
0000
0000
0000
0000
0000
0000
0000
0000
0000
0000
0000
0000
0000
0000
0000
0000
0000
0000
0000
0000
0000
0019
0026
0005
0005
0000
0000
0001
0000
0000
0000
0000
0000
0000
0000
0000
0000
0000
0000
0000
0000
0000
0000
0000
0000
0000
0000
0000
0000
0000
0000
0000
0063
01de
0198
0000
0000
015d
0000
0000
0000
0008
000a
0000
0009
0007
0005
0000
0002
0000
0000
0000
0000
0000
0000
0000
0000
0000
0000
0000
0000
0000
0000
0000
0000
0000
0000
0000
0000
0000
0000
0000
0000
0000
0000
004d
004a
004e
004b
0049
003f
0031
002c
0022
0023
0032
0035
0038
004f
005e
0063
0066
0068
0062
0065
0071
00b1
0000
0000
0000
0000
0000
0026
005b
0069
0078
007c
007b
007b
007c
0078
0072
006f
0062
005e
004d
003d
0028
0002
0000
0000
0000
0000
0000
0000
0000
0000
0000
0000
001f
0032
0037
003c
0039
0038
003a
0035
0030
000c
0000
0000
0000
0000
0000
0000
0000
0000
000a
0000
000b
0000
0000
0000
0000
0000
0000
0000
0000
0000
0000
0000
0000
06fe
034d
0000
0000
0000
0000
0000
0000
0000
0000
0000
0000
0000
0000
0000
0000
0000
0000
0000
0000
0034
008a
00b0
00ba
00b3
0098
007c
003a
0005
0000
0000
0000
0000
0000
0000
0000
0000
0000
0000
0000
0000
0000
0000
0000
0000
0000
0000
0000
0000
0000
0000
0000
0000
0000
0000
0000
0000
0000
0000
0000
0000
0000
0000
002c
031d
0429
01ca
0000
0000
0000
0000
0000
0000
0000
0000
0000
0000
0000
0000
0000
0000
0000
0000
0000
0000
0000
0000
0000
0000
0000
0000
0000
0000
0000
0000
0000
0000
0000
0000
0000
0000
0000
0000
0000
0000
00bc
00b8
00bd
00b8
00bb
00c2
00cc
00dc
00e1
00e4
00ea
00d3
00d8
00d1
00b8
00a6
009a
0099
0094
0097
0094
008a
0056
0000
0000
0000
0109
0046
00c7
00ac
0090
0082
007a
0076
0079
0076
007d
0084
0088
0099
00a1
00b6
00d2
00e4
00e9
00c2
0080
0056
002d
0029
0043
0092
00ed
0121
00fe
00e5
00d8
00d6
00d2
00d4
00d7
00d1
00d9
00ee
0000
0000
0000
0000
0000
0000
0000
0000
0000
0000
0000
0000
0000
0000
0000
0013
0025
0026
002b
0027
0051
0069
0025
0000
0000
0000
0000
0069
0000
0017
003e
0054
0060
0065
0061
005d
0056
0045
003a
001c
0005
0000
0000
0000
0000
0000
0000
0000
0000
0000
0000
0000
0000
0000
0000
0000
0000
0000
0000
0000
0000
0000
0000
0000
00ae
00af
00ad
00ac
00aa
00ac
00c4
00c6
00e4
00e6
00e0
00c2
00dd
00c7
00a8
009a
0093
0085
0090
008b
00b0
0053
0000
0000
0000
0000
0000
009b
00b1
00a5
0086
0074
0072
006e
006c
006c
0075
0072
0083
0085
0093
00a1
00ba
00de
00f1
00d9
00a7
0073
0047
0035
0049
008e
00f2
011a
00fa
00d7
00cf
00c3
00c5
00c7
00c4
00c3
00c9
00ec