08090200
08090200
08090200
08090200
08090200
08090200
08090200
08090200
08090200
08090200
08090200
08090200
08090200
08090200
08090200
08090200
08090200
08090200
08090200
08090200
08090200
08090200
08090200
08090200
08090200
08090200
08090200
08090200
07090301
100a0000
00000800
00363225
76000069
00000000
00567f00
34000040
000b0000
0a080800
070b0200
08090200
08090200
08090200
08090200
08090200
08090200
08090200
06090302
050b0211
0f070034
22000047
1a000026
05090008
0d060003
050c0100
0a060200
05110506
10000000
00130c00
0f0a040f
10030004
00080900
121b0e1b
10000000
00352c00
2300001a
00170a00
00000b00
111b120a
09000000
00231502
16000008
00130b00
0d090609
09040000
020d0800
0e070203
030c0100
0b070303
070a0100
07080300
090a0300
06090100
08090400
08090200
08090200
08090200
08090200
08090200
08090200
08090200
08090200
08090200
08090200
08090200
08090200
08090200
08090200
08090200
08090200
08090200
08090200
08090200
08090200
08090200
08090200
08090200
08090200
08090200
08090200
08090200
08090200
08090200
08090200
08090200
08090200
08090200
08090200
08090200
08090200
08090200
08090200
08090200
08090200
08090200
08090200
08090200
08090200
08090200
08090200
08090200
08090200
08090200
08090200
08090200
08090200
08090200
08090200
08090200
08090200
08090200
08090200
08090200
07090301
0d0b0002
00000600
1a251222
15000000
005f3516
5a00001b
00312700
80091429
00010000
53224d36
00000000
122c3b00
05000009
090d0c00
07080001
08090400
08090200
08090200
08090200
08090200
08090200
08090200
08090200
08090200
08090200
08090200
08090200
08090200
08090200
08090200
08090200
08090200
08090200
08090200
08090200
08090200
08090200
08090200
08090200
08090200
08090200
08090200
08090200
08090200
08090200
08090200
08090200
08090200
08090200
08090200
08090200
08090200
08090200
08090200
08090200
08090200
08090200
08090200
08090200
08090200
08090200
08090200
08090200
08090200
08090200
07090301
0f090000
00000900
00362d29
72000062
00000000
00538200
35000040
000c0000
09080a00
080b0201
08090101
08090200
08090200
08090200
08090200
08090200
08090200
060a0203
04090113
10060034
22000045
17000025
07070009
0a050101
050b0400
09060200
050c0401
0c050000
000b0800
0e0b070d
11030003
00090900
161a0b1f
10000000
00332a00
21000015
00190a00
01000500
131d0e0b
08000000
00241506
1800000c
00130900
0e08060a
09040000
030d0800
0d060102
020b0300
0b070502
070a0100
05080301
0a080302
06090100
08090400
08090200
08090200
08090200
08090200
08090200
08090200
xxxxxxxx
xxxxxxxx
xxxxxxxx
