00000000
00000000
00000000
00000000
00000000
00000000
00000000
01000025
69000040
00000000
00000000
00000211
34472608
03000006
00000f04
001b0000
1a00000a
00020800
09000003
00030000
00000000
00000000
00000000
00000000
00000000
00000000
00000000
00000000
00000000
00000000
00000000
00000000
00000000
00000000
00000000
00000102
00220016
1b002900
36000009
00010000
00000000
00000000
00000000
00000000
00000000
00000000
00000000
00000000
00000000
00000000
00000000
00000000
01000029
62000040
00000101
00000000
00000313
34452509
01000001
00000d03
001f0000
1500000b
00060c00
0a000002
00020001
02000000
00000000
00xxxxxx
02020202
02020202
02020202
02020202
02020202
02020202
02020202
03000832
00007f00
00080202
02020202
02020302
00000000
00010205
000c0400
090e002c
000a0b12
0015000b
06000802
01030103
03010402
02020202
02020202
02020202
02020202
02020202
02020202
02020202
02020202
02020202
02020202
02020202
02020202
02020202
02020202
02020300
06120035
00271400
4d003b00
0c000402
02020202
02020202
02020202
02020202
02020202
02020202
02020202
02020202
02020202
02020202
02020202
02020202
0300092d
00008200
000a0201
02020202
02020201
00000000
01040204
00080700
090b002a
000a050e
00150009
06000801
03050103
03010402
02020202
02xxxxxx
09090909
09090909
09090909
09090909
09090909
09090909
09090909
090a0036
00005600
0b080b09
09090909
0909090b
07000009
060c0611
00130a03
081b0035
0017001b
00230013
09040d07
0c070a08
0a090909
09090909
09090909
09090909
09090909
09090909
09090909
09090909
09090909
09090909
09090909
09090909
09090909
09090909
09090909
0909090b
0025005f
00310901
22002c00
0d080909
09090909
09090909
09090909
09090909
09090909
09090909
09090909
09090909
09090909
09090909
09090909
09090909
09090036
00005300
0c080b09
09090909
09090a09
06000007
050b060c
050b0b03
091a0033
0019001d
00240013
08040d06
0b070a08
08090909
09090909
09xxxxxx
08080808
08080808
08080808
08080808
08080808
08080808
08080808
07100000
76000034
000a0708
08080808
08080605
0f221a05
0d050a05
10000f10
00121000
23000011
09001600
0d09020e
030b0707
09060808
08080808
08080808
08080808
08080808
08080808
08080808
08080808
08080808
08080808
08080808
08080808
08080808
08080808
08080808
0808070d
001a1500
5a008000
53001205
09070808
08080808
08080808
08080808
08080808
08080808
08080808
08080808
08080808
08080808
08080808
08080808
08080808
070f0000
72000035
00090808
08080808
08080604
10221707
0a050905
0c000e11
00161000
21000113
08001800
0e09030d
020b0705
0a060808
08080808
08xxxxxx
