11111111111111111000000110011111
00000000000000000111000010111001
00000000000000000011010101000001
00000000000000000101010000100111
11111111111111111110010100111101
11111111111111111100001011101010
00000000000000000101000110101111
00000000000000000111000000110001
11111111111111101110111001110000
11111111111111111001111110000100
00000000000000011010100101000100
00000000000000000010101000010011
11111111111111101000111010011111
11111111111111110111011100010110
00000000000000000110111011111001
00000000000000001000001010011101
00000000000000001101100000100100
11111111111111111111101000100100
11111111111111110100110001111001
11111111111111110101101001100111
00000000000000001001111010111101
00000000000000000100011111101000
11111111111111111111011011010010
11111111111111110111101100010110
00000000000000000010011110001000
00000000000000000101010111000101
11111111111111111110111100100011
11111111111111111101110001100111
11111111111111111101011001000011
11111111111111111111000110110100
00000000000000001001110010000010
11111111111111111011111000001010
11111111111111111000111011100111
11111111111111111111010101000000
00000000000000000111101010000011
00000000000000000100110110001011
11111111111111111000010000100000
00000000000000000001100000000111
00000000000000000011101000101000
11111111111111111101101111000010
11111111111111111010010111000101
00000000000000000001010101100111
00000000000000000101011111010011
00000000000000000001111100001011
11111111111111111010110010111111
11111111111111111011011000001011
00000000000000000110111110110001
00000000000000000100000100101110
11111111111111111100110000011101
11111111111111111111010110000111
11111111111111111110010111111111
11111111111111111111001000011011
00000000000000000000011100110000
00000000000000000010001010111011
00000000000000000001011101000010
11111111111111111101010010000101
00000000000000000000001011001110
00000000000000000011100111100110
11111111111111111110011001001111
11111111111111111010111001011100
00000000000000000010100010111010
00000000000000000111000101101000
11111111111111111011000001001011
11111111111111111001010001111110
00000000000000000010111011101011
00000000000000000011000111100011
11111111111111111111100101011011
11111111111111111011000001111110
00000000000000000000100011101000
00000000000000000100001010000001
11111111111111111011100010111001
11111111111111111010001011001100
00000000000000000100001000111001
00000000000000000110010001100111
11111111111111110101111111110110
11111111111111111111110000111000
00000000000000001000101011111001
11111111111111111101000110000111
11111111111111111100101110010100
11111111111111111101110011011000
00000000000000001011001010110101
11111111111111111010000000001001
11111111111111111011010110010011
11111111111111111101000111001001
00000000000000010010011001000111
11111111111111111101111110001001
11111111111111110000011110011110
00000000000000000011010111000111
00000000000000010001010011100001
11111111111111111100100000001101
11111111111111111001000000100001
11111111111111110111110011100110
00000000000000001010011011001111
00000000000000001001010001010101
11111111111111101110011101110101
11111111111111111111010101101100
00000000000000001101011110001010
11111111111111111000101110111101
00000000000000000100101101110100
00000000000000000101111110111000
11111111111111101001101010100100
00000000000000001101111011010001
00000000000000001110111110001001
11111111111111110011101100011110
11111111111111111011000001110001
11111111111111111010001110010010
00000000000000011011000000110101
11111111111111101101011111110101
11111111111111011010100011100001
00000000000001010101100110110100
11111111111111110100100001000010
11111111111110011101011101101111
11111111111111001100101101011110
00000000000001100100010001110011
00000000000001010100111001111110
11111111111110101000001111100111
11111111111111011001100110000001
00000000000001000101111000110110
11111111111111011111011101000101
11111111111111110111010000001011
00000000000000011101001110101101
11111111111111101111100100001000
00000000000000010000000010010001
11111111111111111010101101100001
11111111111111101011011000000110
11111111111111101100101100010110
00000000000000011001101010110110
00000000000000011111010100000101
11111111111111110101011101011111
11111111111111100001110001010000
11111111111111101110101001101001
00000000000000000000001110111010
00000000000000001100011011011100
00000000000000010001011011011111
00000000000000000010001110011011
11111111111111110101011010111111
11111111111111111100111001001000
00000000000000000010010101000100
00000000000000000100110100101001
00000000000000000010000101100000
11111111111111111111001110011010
11111111111111111011010111001110
11111111111111111101101101110001
00000000000000000101011011101010
00000000000000000000101110101010
11111111111111111101110110011011
00000000000000000000000010110011
11111111111111111101101001010011
00000000000000000000110010101101
00000000000000000101010010010001
11111111111111111110101000101110
11111111111111111100101101111001
00000000000000000000001111110110
00000000000000000011101111001101
00000000000000000000001001100010
11111111111111111101111011110011
11111111111111111111100011100001
00000000000000000000110010010001
00000000000000000000001011111001
11111111111111111111111010001111
11111111111111111111111100110010
00000000000000000000000000111001
00000000000000000000000010100001
00000000000000000000000010111010
00000000000000000000000010010101
00000000000000000000000010001011
00000000000000000000000010010100
00000000000000000000000010010100
00000000000000000000000010010100
00000000000000000000000010010100
00000000000000000000000010010100
00000000000000000000000010010100
00000000000000000000000010010011
00000000000000000000000010010101
00000000000000000000000010010011
00000000000000000000000010010100
00000000000000000000000010010101
00000000000000000000000010010011
00000000000000000000000010010101
00000000000000000000000010010011
00000000000000000000000010010010
00000000000000000000000010010010
00000000000000000000000010010100
00000000000000000000000010010111
00000000000000000000000010010100
00000000000000000000000010010011
00000000000000000000000010010010
00000000000000000000000010010100
00000000000000000000000010010100
00000000000000000000000010010011
00000000000000000000000010010011
00000000000000000000000010010101
00000000000000000000000010010111
00000000000000000000000010010100
00000000000000000000000010010101
00000000000000000000000010010011
00000000000000000000000010010010
00000000000000000000000010010110
00000000000000000000000010010100
00000000000000000000000010010011
00000000000000000000000010010011
00000000000000000000000010010100
00000000000000000000000010010100
00000000000000000000000010010011
00000000000000000000000010010011
00000000000000000000000010010100
00000000000000000000000010010101
00000000000000000000000010010101
00000000000000000000000010010100
00000000000000000000000010010101
00000000000000000000000010010101
00000000000000000000000010010101
00000000000000000000000010010100
00000000000000000000000010010011
00000000000000000000000010010011
00000000000000000000000010010011
00000000000000000000000100110100
11111111111111111111110110000110
00000000000000000000101100011100
11111111111111111101001000100000
00000000000000000010100100111010
00000000000000000101001110101011
11111111111111110100101111110101
11111111111111111010110010000000
00000000000000000101010010010101
00000000000000001110100001010011
00000000000000000100000110011000
11111111111111101110111110001111
11111111111111111000000010101000
00000000000000001111000111001101
00000000000000010011011101111011
11111111111111110111110100001111
11111111111111101010111110111001
11111111111111111001001111001001
00000000000000001001101111000110
00000000000000001101011011101101
00000000000000000000110100001100
11111111111111111011011001010000
11111111111111111000111100101010
11111111111111111010100001001111
00000000000000000101101101110101
00000000000000000001100111111000
11111111111111111100001110100100
00000000000000000000111011011110
00000000000000000011001100101110
11111111111111111101000011010011
11111111111111111111101001110011
00000000000000000000110001111101
11111111111111111111001000111100
00000000000000000001001001101110
00000000000000000010100001101001
00000000000000000000100000011111
11111111111111111000001000111001
00000000000000000010101000100001
00000000000000000101001100011111
11111111111111111111100101100011
11111111111111110111010010010111
11111111111111111111101001101010
00000000000000001001001001010000
11111111111111111111101001111001
11111111111111110110011111110100
11111111111111111110010101010001
00000000000000001000000110011011
00000000000000000111100100101001
11111111111111111000111111101001
11111111111111111010111001101010
00000000000000000010000101101100
00000000000000000001001001101111
00000000000000000100000101000110
00000000000000000101100001111001
11111111111111111101001011000011
11111111111111110101001010101100
11111111111111111111111101101011
00000000000000001001001001011111
11111111111111111111001001000111
00000000000000000000001110111100
11111111111111110110110000010110
11111111111111111011101110000001
00000000000000001000110100001100
00000000000000000010010100011010
11111111111111111110100001011101
11111111111111111001100100101100
11111111111111111111000101111011
00000000000000000101101111000000
00000000000000000011011011100010
11111111111111111100000101111111
11111111111111111011111001011000
00000000000000000000010101010111
00000000000000000001010010110011
00000000000000000010111011000101
00000000000000000001100110001001
11111111111111111010100000111110
11111111111111111101010110011010
00000000000000000100010110111110
00000000000000000011100000000010
11111111111111111110010110110000
11111111111111111001011110110101
00000000000000000000011101101110
00000000000000000011000101101111
00000000000000000011011001110001
11111111111111111101100111011011
11111111111111111010011001101101
00000000000000000000010100001110
00000000000000000010100010001011
00000000000000000001001001100000
11111111111111111111000000000100
11111111111111111110100001101011
11111111111111111110110011000010
00000000000000000001100000111111
00000000000000000001101001000110
00000000000000000000000001011100
11111111111111111011100011000100
00000000000000000010111110010111
00000000000000000100101000101010
11111111111111111011101001001000
11111111111111111100101110101010
00000000000000000011010101010100
11111111111111111110101011010011
11111111111111111110010001001000
00000000000000000100010001011111
11111111111111111110001110000101
11111111111111111100110011001000
00000000000000000010011100011111
00000000000000000101001100110010
11111111111111111100000111010000
11111111111111111110111010011101
11111111111111111111111100110001
11111111111111111110000011000001
00000000000000001000001000100010
11111111111111111011100000101111
11111111111111111110011111010100
00000000000000000000001001101100
11111111111111111011101010000011
00000000000000000110110010111110
00000000000000000100110000010110
11111111111111110111100001100111
00000000000000000000101100001100
00000000000000000101101011011100
00000000000000000010011001100101
11111111111111110111010111100011
00000000000000000111000110110011
00000000000000000101001101101010
11111111111111111010010101001110
11111111111111111110011010011010
11111111111111111001111101010001
11111111111111111111001010001000
00000000000000001101111011110010
00000000000000000000110011100011
11111111111111111010000001011001
11111111111111111101100011110001
11111111111111110111011101001011
00000000000000000111001100111000
00000000000000010000010100110110
11111111111111111101010100100101
11111111111111110000010111101110
00000000000000001001011001001000
11111111111111111001110001010010
11111111111111011011011100001010
00000000000001001011001010111010
11111111111111110010010000001000
11111111111111010000000110101100
11111111111111100111011000101000
00000000000000101111000000000001
00000000000001011001100011101001
11111111111110111101000101001010
11111111111110111000101010111000
00000000000001100000011010110001
11111111111111111010100000100110
11111111111111101000011100000010
00000000000000001110010011010001
00000000000000000110101111111101
00000000000000000001000110011010
11111111111111110010000000100011
11111111111111111100001100001111
11111111111111101100011000001111
00000000000000001010001100000010
00000000000000100100001110000011
00000000000000001110110111111011
11111111111111100011101101101110
11111111111111101000100111111100
11111111111111111110101001110111
00000000000000001010111110101011
00000000000000001011001110111011
11111111111111111111110111110011
11111111111111110111000000011111
11111111111111111000110001101110
00000000000000000010010100110001
00000000000000000111011101001100
11111111111111111100011110010010
11111111111111111100110100100011
11111111111111111111010001101001
00000000000000000010100001111000
00000000000000000001110110010100
11111111111111111111110010101110
11111111111111111110001001101101
11111111111111111101110100110100
00000000000000000011111101000101
00000000000000000001010101011000
11111111111111111011101101110011
11111111111111111111101000001100
00000000000000000001010001001011
00000000000000000000100111011011
00000000000000000001011010110100
11111111111111111101111110011100
11111111111111111111001010110110
00000000000000000010010010101000
00000000000000000000100000110111
11111111111111111110100100111111
00000000000000000000100010100000
00000000000000000001010100110110
11111111111111111110100101100111
00000000000000000000001000100101
00000000000000000001000010101110
00000000000000000000110100000100
11111111111111111110100010101111
11111111111111111110101011011001
00000000000000000000011011111111
00000000000000000001111101000111
00000000000000000000010001000000
11111111111111111110010000101110
11111111111111111111100100100001
00000000000000000001101101101010
00000000000000000000100100100111
11111111111111111111011111110101
11111111111111111111101101110010
11111111111111111111110000010001
00000000000000000000011011011111
00000000000000000000011111111111
11111111111111111111101100010101
11111111111111111111101001110100
00000000000000000000001000110100
00000000000000000000110000000111
11111111111111111111101100110001
11111111111111111111011000011011
00000000000000000000000011010100
00000000000000000000101101111101
00000000000000000000010111110010
11111111111111111111101001000110
11111111111111111111100110101110
00000000000000000000000101111000
00000000000000000000001010011101
00000000000000000000010010111000
11111111111111111111111010001001
11111111111111111111100011011010
11111111111111111111111110101100
00000000000000000000010011100100
00000000000000000000010100101110
11111111111111111111101001110111
11111111111111111111101100010110
00000000000000000000011001000111
00000000000000000000001010000101
00000000000000000000001101000101
11111111111111111111110100110100
11111111111111111111110011011001
00000000000000000000000010111111
00000000000000000000000010101110
00000000000000000000010110011111
11111111111111111111111111000101
11111111111111111111101010100110
11111111111111111111111101011100
00000000000000000000101110001001
11111111111111111111001110011010
00000000000000000001001101010111
00000000000000000000110100011110
11111111111111110100010100000001
00000000000000001101000010110000
00000000000000010001010100000001
11111111111111001110101110100000
11111111111111111100000001111101
00000000000000101001100010111111
00000000000000101000100010010111
11111111111111010100101000011000
11111111111111001100110101101001
00000000000000000111101101100101
00000000000000011100100111010000
00000000000000010111010001111001
11111111111111101011110101010111
11111111111111010101110010110000
11111111111111110000011000011110
00000000000000001111010101110010
00000000000000100001111001100010
11111111111111111100000000101011
11111111111111111011101110101110
11111111111111101100011010011000
00000000000000001100011010100011
00000000000000010000100111000010
00000000000000000100001110101111
11111111111111101000111000100110
00000000000000000110111110110011
00000000000000001001111100111010
00000000000000000011000001010011
11111111111111111101000011101101
11111111111111111010000001100101
11111111111111111101110110011101
00000000000000000111111010010000
00000000000000001010110000101010
11111111111111111100011111010101
11111111111111110011100111011101
00000000000000000011000110010100
00000000000000000101101111010011
00000000000000000100000110100011
00000000000000000000100010000101
11111111111111111001100000111001
00000000000000000010011010110100
00000000000000001001101100100100
11111111111111110101110010111110
11111111111111110000100101100111
00000000000000010100000010001001
00000000000000010001101001010011
11111111111111110010010001111011
11111111111111101001010110011101
00000000000000000100101101110100
00000000000000001100000111001000
00000000000000000111111011101010
00000000000000000001111000110111
11111111111111111001011111010011
11111111111111110010110101101100
00000000000000000101001010001111
00000000000000000100110111011111
11111111111111111101010011010100
11111111111111110110001000001111
11111111111111111100010110001001
00000000000000000100101010001010
00000000000000000000010011111101
11111111111111111110010111100100
11111111111111111111001100010000
11111111111111111101101111000111
00000000000000001001011100100101
00000000000000000010010111110010
11111111111111110110101100000111
11111111111111111110001111000111
00000000000000000100100101011111
00000000000000001010101000000000
11111111111111111010101101001010
11111111111111111110101101000000
00000000000000000100111000011001
00000000000000000001011010011111
11111111111111111010101111010100
11111111111111111111101101000111
00000000000000000100001100100101
