11001001
00001000
00000111
11100111
00010100
11110111
00011110
10111111
00011111
00010001
11000111
00101100
11110111
11010001
00000101
11100001
11100000
11011110
11110101
11101000
00100001
00011011
00101011
00011111
00011010
11111010
11110100
11100111
00010011
00010100
01001001
11110111
11110001
11101010
11011011
00001101
11110001
00100011
00110100
11111011
11100111
00101101
11001110
11111101
11010101
00100110
11001011
11111010
11101111
00010001
00000011
11001110
00101001
11010110
11011100
11110101
11101010
11100111
11101110
01001010
11100001
00100100
11101100
00001111
11100110
11110010
11101001
00011011
00000110
01001000
00010101
00011001
11110100
00000010
11110000
11101010
11100100
10000000
00000100
11101101
11110110
11111000
11110001
11110111
00001010
11111011
11100011
00000001
11101011
11101000
11111100
11101111
11111111
00001010
00011111
00001110
11100000
00111110
00100010
00100001
11110100
11111010
00001010
00001100
00101010
00100110
11111110
11101000
00011010
11101011
11101100
11100111
00011101
00010111
11110111
11101111
00101101
11100011
00011111
00011011
11011010
00001110
00111000
11111000
00110000
00010111
00001110
00100111
