00001001
11001111
00101000
11110000
11001000
10101110
00110000
00001111
11111111
11000011
01100011
00001110
00011101
00111000
11010111
11110001
01000100
00011100
00001011
11000111
11100110
00101100
10101000
00000000
00000110
01000101
11011101
11000011
00011011
00000000
11111111
10011010
11000000
10110001
11011001
11010000
10111011
00011000
11110001
11010101
11011000
00111100
00100110
10011011
00111110
01011000
10101111
10000000
11111010
00010000
00110101
11111100
00111111
11110100
00001100
00000111
00011110
00000000
11010101
00011101
00111001
11110101
00001001
11100111
11101101
11100101
00101101
10011011
00100010
11101101
11001110
10001011
10011000
11000000
00110010
00100100
10101010
00101001
11110011
11011110
11000110
11111001
11001111
11101011
11010011
00000111
11111110
11100000
11001001
00101100
11011011
10011000
11010011
10111001
11010110
01111110
11110001
11110101
11101111
00011100
00001110
01000000
00010010
00001011
00000111
00101001
00010101
00010110
00101101
00100010
11110000
00100011
11100101
11001000
00010101
00101011
11010011
10110010
00000000
01100111
11000110
00010110
00100000
11111011
00010000
00010100
10011001
00001000
