11101101
00100101
00100011
00100001
11001110
11110001
11101111
11100000
00011000
00101111
00011000
00001010
00001110
11110110
11111001
00000110
00001110
00011000
00001001
00001111
00000001
11100111
00011111
00111111
00000110
11100011
00001011
00100011
00001110
11111110
00011011
00100110
00000101
00110110
11110000
11101110
11110101
01000101
11011011
10111000
11101111
11011010
11101110
00100011
00010101
11000010
11011000
00010001
11011001
11011001
00010010
00100001
00101100
10111000
00010010
00110011
11000011
11000001
00011111
00000111
00000111
00100000
00000110
00110101
11101011
11011110
11111101
00001100
00010000
11011011
00001010
00001011
00001100
11110110
11101000
11100000
00010010
00000000
11110110
11110110
11111011
11100111
11101100
11101001
11101101
00001111
11110111
00011110
00100100
00000010
11010110
00001010
11110010
11100010
00001011
00101111
11001110
00000000
00000010
11110111
11101010
00010001
11110001
00001000
00100110
11110111
00001010
11110101
11101000
11000010
11001101
00000110
00101011
10111111
01010101
00001011
11111001
00100100
00010001
01001101
11011000
11011011
00100000
10110010
00100011
01011010
11110110
00011011
11011111
11100010
11000100
11110100
11110001
10111001
00000111
00110110
00100101
00011011
00010000
11001111
11101110
10111001
11111111
00110000
00100110
00001010
11000101
11001111
00010010
00000001
11011001
10111101
10100101
11101001
11101001
11011101
11100000
00001000
00010100
00110011
11101011
11110111
11111011
11101111
11010011
11110100
01010001
00011010
01000010
01010001
01011110
01000111
11100101
11001000
11100100
11101101
00011011
00100101
00100000
01101010
00111010
00000101
11111110
00001100
11101011
11010001
11101111
11010100
00010000
00011100
11111111
11011000
11101001
00000011
00010111
11101111
11101111
11111000
00000000
00001101
00100101
11001110
11111111
11110001
11101000
00000100
11011001
00011100
11110100
11001111
00011100
11010100
00010001
11011011
00001011
11010111
00010001
11100100
11110101
11110001
00110000
11101011
00000110
00001101
10111101
10111000
11101110
01010011
11101111
11010010
00000011
01001010
00100101
00100100
11111101
11001001
10111000
10111110
00100100
00110110
00100000
11100010
11101111
11101010
00110100
00011100
11100010
11011010
11000111
11011110
00100110
00010000
00001100
00010101
00001100
00010100
00011100
11110111
00001110
10101100
10111110
00010001
11100010
00110000
11011000
00010000
11100000
00011111
00011100
00001100
11111110
11111010
11110110
00010011
00001100
00000101
11110001
11000100
00100111
10110100
00001001
00100101
00000011
11111100
11101111
00010110
11011110
11011000
11100111
00011110
00001111
00000111
00001110
00000100
11000111
11000000
11101101
00010011
11111100
00010100
00001011
11101110
00000010
10111111
11011100
00000010
00010011
00100001
11001010
11101111
11101011
11110001
11010101
11010011
00011101
11011111
11100011
00010000
00001011
11101111
11110110
11110111
00000000
11001110
00011110
00100101
11101010
00000001
11110111
00000100
00000011
00001100
00110010
00000101
11101001
11001101
00001011
00000100
00000000
00100011
00001111
11111011
11111000
00100001
00001100
11011110
11100101
11001100
11110100
11100000
11100101
11100100
10011000
11100111
10101100
11101110
11000011
01010111
01001111
00001001
11010011
11010000
11110011
00111111
11011010
00010000
11101001
11001111
01100111
00000010
00010011
11110101
00001010
11001111
11011011
00011100
00010101
00010100
00000000
10111110
10111101
11101101
00011111
11101000
00111100
11111100
11101000
11010011
00110111
11100010
11110111
11001111
00010100
00010110
00000011
11011010
00100000
00000001
11000101
10111011
11101011
00010000
00110010
00000010
11010110
00011000
00001100
11111001
01001101
11100101
11000111
10111100
11010111
11100101
11001100
00010100
00001110
00001100
10100111
11010000
00001000
11000100
11111110
00100101
10110111
11111001
01100110
01000000
11000010
11011100
11111000
11111010
01111011
01111001
11001101
10010110
01001111
00001101
11011100
00101000
11010111
11100111
00000000
11001010
10110011
10111101
11111110
01111111
11101100
11111011
11110010
11111000
11001000
10111100
11001100
00110001
00001000
00000000
11100010
10110100
11110000
10110011
11000100
11100011
00000111
00001111
11010110
10101111
11110010
00011100
00100000
11001110
10011111
11011000
11001011
00010101
11100001
00000010
00000010
01001001
00010110
00000111
11011010
00011000
00100101
00010010
11101001
00010100
11010101
11011101
00100111
01000100
10111010
11100011
00101011
11100110
11101100
11100000
00111010
01110011
11011100
11100010
00000100
11011101
11010010
11011100
11101001
00000111
11111110
10111111
11100010
11011000
