11111111101110110111011001101000
00000000000011111010110101100011
00000000000010110001010111001000
11111111111000101110000000010111
00000000000101000100000010110010
11111111101011011001110010001101
00000000000011010001100101111000
11111111111110110010110001011111
11111111111111111000001000010001
00000000000111110001101000000000
00000000000010000111000001000011
11111111111001111100110001000100
00000000000011100110010010111001
11111111110110010001011111100010
00000000001111111000100111111110
11111111111110100001100100000111
