00001110
00001001
00011100
00010111
11001110
11101111
00110111
01010111
01011000
01001100
01000001
01000001
00111010
00110010
00100100
00101000
11101101
11110001
11010100
11011001
11101010
10110000
10101101
10111001
11010010
11101000
11110001
00001110
00000001
11110011
11100100
11101111
11111101
11110001
11011101
11111010
11011110
11111110
11111110
11100110
11101110
11111100
00000111
00011001
11101001
11011101
11001101
11101111
11101100
00010100
00001000
11101001
10010100
11110010
11101010
00011100
00011101
00011110
00100110
00110001
00100010
00101011
00111011
01000111
00001010
00100001
00001011
00110010
00110111
00011100
00111010
00100101
00101010
00100110
00000001
00000111
00000101
00000110
11101011
11100001
11101101
11110010
11111101
11110100
11111011
11110100
11100010
11100000
11010011
00000100
11010001
11011111
11011001
10111111
11000001
11010111
11110001
11101010
11101010
11110010
01000100
00111111
01000111
00101110
01000010
01000000
00111100
00101110
00111010
00110011
00100010
00110110
11111111
11100100
11011100
11011100
11010100
10100110
11010101
11010011
11011111
11011111
11111010
11111001
11001001
00000010
11101001
11111010
11011110
11010000
11110101
11011100
11001111
11100010
11010111
10000000
10011000
10100000
10101011
10110010
10101101
10111111
11100011
11010111
11011000
11100011
11100011
11101011
11000110
11100001
00001001
11110111
11101011
11101110
11101001
11110001
11011001
11001100
11010011
11101000
11110000
10101000
10111100
11001011
11001001
00010100
00010011
00000101
00000010
11011000
11110010
11010110
11000101
11011110
00001100
11110110
00010110
00001110
00101000
00110011
01001001
00110000
01011111
01101011
00110110
00010010
00011111
00101101
00100001
00101010
00000111
11101110
00000100
00001101
00010101
00001111
11100111
11111100
00000000
11101110
11111010
10101000
10111011
11010000
11111011
00101101
00001110
00010101
00011000
11101110
11100000
11110101
00010010
00011110
00011110
00010001
00000011
11101011
11101111
11110100
00011011
00010000
00100110
00000000
00101101
00110100
00011000
00100000
00010001
00011001
11111000
11101010
11110010
11110000
11110111
11101101
11110101
00000000
11111110
11100110
00101100
00101101
00111111
00011100
01000111
00111010
00110000
00100011
00110100
00111100
00110010
00111010
01000111
00101100
00111101
00111001
00000100
00011000
00000110
00010101
00101011
11011011
11000110
11110100
11110010
11111101
00000011
00100011
00000011
11110110
11111110
11111100
00110000
00111100
01000001
01000001
01000110
01010101
01101111
01111010
00111101
00100001
00111111
00111101
00111010
00111011
01000100
00110111
11011001
00001111
11111100
00001011
00001000
11101010
11110110
11101110
00010010
00001001
11000110
11111110
00010010
11111101
00001101
11111000
11111101
11101101
10111100
11101111
00010101
11001100
10111011
10111011
11011111
11100110
11100111
11010111
11100000
11010001
11011110
11011011
11101100
11010001
11100001
11100110
11011000
11000001
10000111
11001010
11101001
11100000
11011011
11101111
11110100
10101011
11011011
00000110
11111010
00000110
00011011
00110110
00000000
10110111
11010111
00010110
00011101
00101001
00110001
00011101
11110100
11111010
11001011
11011100
00000100
00011010
00100100
00110110
00010010
00001010
11011000
00001001
11110110
00010001
00001011
00101000
00101110
00101011
00001000
00000000
00110100
00000101
00000100
00100010
00010101
00100001
00101110
00100111
00100010
00010011
00010100
00011010
11111011
11100101
11111000
11101100
00000011
00001000
11101101
00001011
00110001
00100100
00010100
00011000
00010000
00000010
11111111
11111110
00011101
00011000
11100111
00010110
00010110
00001001
00011000
00000110
00011100
00011101
11111001
11110100
00010110
00010001
00000101
11100000
11110111
00010011
11111101
11110110
00100100
01000001
00110111
00100000
00010101
11101111
11010011
11110011
11100110
11101111
00001101
11110101
00011100
00011000
11111001
11110011
01000001
00111001
00111111
00001110
00100000
00111101
01010111
00111100
01000111
00110100
00110001
00011000
11110101
11110011
00011101
00100010
11011110
11111001
11010111
11100011
11101111
00111011
00011001
11001110
10110000
00011010
00110111
00010111
00010101
00100111
00111101
00000110
11111001
00111011
00001001
11101000
11010101
00001111
00101110
11111110
11101001
11000110
00000111
00001010
00001001
00000100
00001101
00001111
11101000
11101001
11100000
11000010
10111100
10101111
11011000
10101011
10100110
10110001
10111111
10111010
10110010
11000001
11110111
11100011
11100100
11111001
11100100
11101001
11000101
00010101
00010000
00000111
11011111
11101000
11100111
11011011
11110100
11101100
00000101
00011001
00000000
11111011
00000010
11110011
11111100
00010000
00011101
00100001
00011101
00001011
00000110
11110110
00010101
00000000
00010010
00000010
11111011
11101100
11100010
11111001
11111010
00000001
11010010
11110000
11101001
11111001
11101001
11100001
11110100
11101100
00001001
11111000
00001011
00011110
00100110
00110011
00110010
00011000
00110110
00100011
00011111
00101110
00100001
00100011
00100100
00110101
00100011
01001100
10111110
10110100
11001011
11100100
11101101
11000100
10001110
10000001
10011001
10111001
10110010
10110111
11100010
11011110
11000010
11011000
00100111
00011000
00100001
11110001
00001111
11101100
00010011
01000011
01001010
00111110
00111000
00100011
00010010
00001000
11101111
11111100
00010100
11011001
00001110
00010000
00101010
00101110
11111000
11111100
00001111
00011010
00011011
11111001
00010000
00010111
00111100
01001010
11110000
11101010
11110010
11101110
11011001
11101101
00101011
00100100
00101101
00100000
11111011
11111011
11110111
11100111
11011011
00001111
11001011
11100111
11111100
00000011
00010010
11100000
10111111
10111101
11011001
11100011
11010111
11100001
11100101
11110100
11011000
11001111
